established,0004	1,104
It,0004	1,104
Lorem,0004	2,104
Content,0004	1,104
by,0004	2,104
here,0004	2,104
content,0004	2,104
English,0004	1,104
and,0004	3,104
at,0004	1,104
for,0004	1,104
The,0004	1,104
evolved,0004	1,104
distribution,0004	1,104
fact,0004	1,104
distracted,0004	1,104
Various,0004	1,104
injected,0004	1,104
humour,0004	1,104
a,0004	5,104
in,0004	1,104
has,0004	1,104
as,0004	2,104
accident,0004	1,104
Ipsum,0004	2,104
desktop,0004	1,104
have,0004	1,104
be,0004	1,104
default,0004	1,104
editors,0004	1,104
infancy,0004	1,104
Many,0004	1,104
ipsum,0004	1,104
that,0004	2,104
long,0004	1,104
look,0004	1,104
text,0004	1,104
still,0004	1,104
lorem,0004	1,104
on,0004	1,104
looking,0004	1,104
over,0004	1,104
now,0004	1,104
packages,0004	1,104
normal,0004	1,104
page,0004	2,104
model,0004	1,104
when,0004	1,104
point,0004	1,104
versions,0004	1,104
publishing,0004	1,104
purpose,0004	1,104
readable,0004	2,104
reader,0004	1,104
it,0004	2,104
using,0004	2,104
its,0004	1,104
many,0004	1,104
will,0004	2,104
uncover,0004	1,104
search,0004	1,104
making,0004	1,104
is,0004	2,104
layout,0004	1,104
opposed,0004	1,104
web,0004	2,104
to,0004	1,104
sites,0004	1,104
of,0004	3,104
letters,0004	1,104
sometimes,0004	2,104
their,0004	2,104
like,0004	2,104
years,0004	1,104
moreorless,0004	1,104
the,0004	3,104
use,0004	1,104
suffered,0005	1,121
need,0005	1,121
of,0005	6,121
noncharacteristic,0005	1,121
variations,0005	1,121
uses,0005	1,121
use,0005	1,121
true,0005	1,121
you,0005	2,121
to,0005	4,121
words,0005	3,121
this,0005	1,121
therefore,0005	1,121
there,0005	1,121
the,0005	6,121
text,0005	1,121
look,0005	1,121
tend,0005	1,121
sure,0005	1,121
looks,0005	1,121
structures,0005	1,121
some,0005	1,121
majority,0005	1,121
slightly,0005	1,121
with,0005	1,121
sentence,0005	1,121
making,0005	1,121
repetition,0005	1,121
repeat,0005	1,121
many,0005	1,121
reasonable,0005	1,121
randomised,0005	1,121
is,0005	1,121
which,0005	2,121
predefined,0005	1,121
passages,0005	1,121
middle,0005	1,121
passage,0005	1,121
model,0005	1,121
over,0005	1,121
or,0005	2,121
isnt,0005	1,121
necessary,0005	1,121
on,0005	2,121
are,0005	2,121
free,0005	1,121
as,0005	1,121
available,0005	1,121
combined,0005	1,121
be,0005	1,121
believable,0005	1,121
chunks,0005	1,121
but,0005	1,121
by,0005	1,121
have,0005	1,121
hidden,0005	1,121
humour,0005	2,121
even,0005	1,121
from,0005	1,121
If,0005	1,121
Internet,0005	2,121
etc,0005	1,121
Ipsum,0005	5,121
form,0005	1,121
It,0005	1,121
in,0005	2,121
Latin,0005	1,121
embarrassing,0005	1,121
generate,0005	1,121
Lorem,0005	5,121
injected,0005	2,121
generated,0005	1,121
dont,0005	1,121
The,0005	1,121
There,0005	1,121
dictionary,0005	1,121
a,0005	3,121
generator,0005	1,121
alteration,0005	1,121
always,0005	1,121
All,0005	1,121
generators,0005	1,121
going,0005	1,121
first,0005	1,121
anything,0005	1,121
handful,0005	1,121
200,0005	1,121
fringilla,0006	2,134
feugiat,0006	2,134
faucibus,0006	1,134
eu,0006	2,134
et,0006	3,134
elit,0006	2,134
in,0006	3,134
dui,0006	1,134
dolor,0006	1,134
dictum,0006	1,134
diam,0006	1,134
dapibus,0006	1,134
cursus,0006	1,134
cubilia,0006	1,134
convallis,0006	2,134
consequat,0006	1,134
consectetur,0006	2,134
commodo,0006	1,134
bibendum,0006	1,134
augue,0006	1,134
at,0006	1,134
arcu,0006	1,134
ante,0006	2,134
amet,0006	6,134
aliquet,0006	2,134
adipiscing,0006	1,134
ac,0006	2,134
Aliquam,0006	1,134
Vestibulum,0006	2,134
Ut,0006	1,134
Suspendisse,0006	1,134
Praesent,0006	1,134
Pellentesque,0006	1,134
Nulla,0006	1,134
Lorem,0006	1,134
ipsum,0006	2,134
Duis,0006	2,134
Donec,0006	2,134
Curae,0006	1,134
Cras,0006	3,134
imperdiet,0006	1,134
gravida,0006	2,134
nunc,0006	2,134
massa,0006	1,134
leo,0006	1,134
mollis,0006	1,134
vehicula,0006	1,134
nibh,0006	1,134
orci,0006	2,134
metus,0006	1,134
semper,0006	3,134
sem,0006	1,134
quis,0006	2,134
quam,0006	1,134
libero,0006	1,134
mauris,0006	1,134
vel,0006	1,134
tincidunt,0006	2,134
sed,0006	1,134
primis,0006	1,134
turpis,0006	1,134
velit,0006	1,134
nisl,0006	1,134
non,0006	1,134
venenatis,0006	1,134
ullamcorper,0006	1,134
ultrices,0006	2,134
ultricies,0006	1,134
pellentesque,0006	1,134
pharetra,0006	1,134
magna,0006	3,134
sapien,0006	1,134
rutrum,0006	1,134
sit,0006	6,134
viverra,0006	2,134
tempus,0006	1,134
nisi,0006	4,134
lacinia,0006	1,134
malesuada,0006	1,134
nulla,0006	1,134
luctus,0006	2,134
ornare,0006	1,134
mi,0006	1,134
justo,0006	1,134
vitae,0006	1,134
posuere,0006	2,134
vulputate,0006	1,134
tortor,0006	1,134
tempor,0006	1,134
pulvinar,0007	1,99
sit,0007	1,99
tincidunt,0007	1,99
volutpat,0007	1,99
tortor,0007	1,99
lacus,0007	1,99
sed,0007	2,99
scelerisque,0007	1,99
lacinia,0007	1,99
rhoncus,0007	1,99
justo,0007	1,99
ut,0007	2,99
nulla,0007	1,99
varius,0007	1,99
massa,0007	1,99
mattis,0007	1,99
vehicula,0007	2,99
quis,0007	1,99
purus,0007	1,99
mauris,0007	1,99
vel,0007	1,99
nec,0007	1,99
velit,0007	1,99
venenatis,0007	1,99
pretium,0007	1,99
porttitor,0007	1,99
porta,0007	1,99
vitae,0007	1,99
placerat,0007	1,99
mi,0007	2,99
viverra,0007	2,99
nisl,0007	2,99
nibh,0007	1,99
non,0007	2,99
suscipit,0007	1,99
ligula,0007	1,99
magna,0007	1,99
nisi,0007	2,99
sollicitudin,0007	2,99
leo,0007	1,99
sodales,0007	1,99
condimentum,0007	1,99
Maecenas,0007	1,99
facilisi,0007	1,99
Mauris,0007	1,99
imperdiet,0007	2,99
Nulla,0007	1,99
euismod,0007	1,99
Nunc,0007	1,99
dolor,0007	1,99
Suspendisse,0007	1,99
congue,0007	1,99
Sed,0007	1,99
dapibus,0007	1,99
facilisis,0007	1,99
eu,0007	1,99
ipsum,0007	1,99
amet,0007	1,99
Cras,0007	2,99
Curabitur,0007	1,99
gravida,0007	2,99
et,0007	2,99
Aliquam,0007	1,99
Donec,0007	2,99
faucibus,0007	2,99
fermentum,0007	2,99
est,0007	1,99
ex,0007	1,99
eros,0007	1,99
aliquet,0007	1,99
ante,0007	1,99
id,0007	1,99
elementum,0007	1,99
ac,0007	1,99
augue,0007	3,99
arcu,0007	1,99
diam,0007	3,99
feugiat,0007	1,99
fringilla,0007	1,99
specimen,0001	1,91
leap,0001	1,91
scrambled,0001	1,91
unknown,0001	1,91
since,0001	1,91
the,0001	6,91
versions,0001	1,91
printer,0001	1,91
printing,0001	1,91
make,0001	1,91
publishing,0001	1,91
type,0001	2,91
software,0001	1,91
typesetting,0001	2,91
text,0001	2,91
is,0001	1,91
when,0001	1,91
sheets,0001	1,91
recently,0001	1,91
release,0001	1,91
more,0001	1,91
with,0001	2,91
passages,0001	1,91
remaining,0001	1,91
only,0001	1,91
not,0001	1,91
of,0001	4,91
simply,0001	1,91
was,0001	1,91
to,0001	1,91
like,0001	1,91
it,0001	1,91
standard,0001	1,91
took,0001	1,91
unchanged,0001	1,91
survived,0001	1,91
popularised,0001	1,91
in,0001	1,91
galley,0001	1,91
has,0001	2,91
1500s,0001	1,91
Aldus,0001	1,91
into,0001	1,91
Ipsum,0001	4,91
It,0001	2,91
Letraset,0001	1,91
Lorem,0001	4,91
PageMaker,0001	1,91
a,0001	2,91
also,0001	1,91
an,0001	1,91
and,0001	3,91
industrys,0001	1,91
been,0001	1,91
industry,0001	1,91
book,0001	1,91
including,0001	1,91
but,0001	1,91
centuries,0001	1,91
containing,0001	1,91
desktop,0001	1,91
dummy,0001	2,91
electronic,0001	1,91
essentially,0001	1,91
ever,0001	1,91
five,0001	1,91
1960s,0001	1,91
11032,0002	3,130
ipsum,0002	1,130
in,0002	5,130
has,0002	1,130
going,0002	1,130
from,0002	4,130
first,0002	1,130
ethics,0002	1,130
et,0002	1,130
during,0002	1,130
dolor,0002	1,130
discovered,0002	1,130
de,0002	1,130
consectetur,0002	1,130
comes,0002	2,130
classical,0002	2,130
cites,0002	1,130
by,0002	1,130
book,0002	1,130
belief,0002	1,130
at,0002	1,130
and,0002	3,130
amet,0002	1,130
a,0002	5,130
Virginia,0002	1,130
This,0002	1,130
The,0002	2,130
Richard,0002	1,130
Renaissance,0002	1,130
McClintock,0002	1,130
Malorum,0002	1,130
Lorem,0002	5,130
Latin,0002	3,130
It,0002	1,130
Ipsum,0002	4,130
HampdenSydney,0002	1,130
Good,0002	1,130
Finibus,0002	1,130
Extremes,0002	1,130
Evil,0002	1,130
Contrary,0002	1,130
College,0002	1,130
Cicero,0002	1,130
Bonorum,0002	1,130
BC,0002	2,130
45,0002	2,130
2000,0002	1,130
11033,0002	1,130
treatise,0002	1,130
passage,0002	1,130
simply,0002	1,130
word,0002	1,130
piece,0002	1,130
to,0002	1,130
sit,0002	1,130
popular,0002	2,130
through,0002	1,130
years,0002	1,130
of,0002	7,130
very,0002	1,130
words,0002	1,130
theory,0002	1,130
source,0002	1,130
it,0002	1,130
line,0002	2,130
looked,0002	1,130
the,0002	6,130
professor,0002	1,130
over,0002	1,130
text,0002	1,130
random,0002	1,130
on,0002	1,130
not,0002	1,130
one,0002	1,130
literature,0002	2,130
up,0002	1,130
roots,0002	1,130
written,0002	1,130
undoubtable,0002	1,130
more,0002	1,130
old,0002	1,130
section,0002	1,130
obscure,0002	1,130
sections,0002	1,130
making,0002	1,130
is,0002	2,130
reproduced,0003	2,47
used,0003	1,47
is,0003	1,47
original,0003	1,47
their,0003	1,47
translation,0003	1,47
the,0003	2,47
those,0003	1,47
since,0003	1,47
of,0003	1,47
standard,0003	1,47
versions,0003	1,47
11032,0003	1,47
exact,0003	1,47
English,0003	1,47
Rackham,0003	1,47
Sections,0003	1,47
The,0003	1,47
1500s,0003	1,47
for,0003	1,47
Finibus,0003	1,47
accompanied,0003	1,47
also,0003	1,47
H,0003	1,47
1914,0003	1,47
de,0003	1,47
Cicero,0003	1,47
chunk,0003	1,47
in,0003	1,47
by,0003	3,47
and,0003	1,47
Ipsum,0003	1,47
are,0003	1,47
Bonorum,0003	1,47
et,0003	1,47
interested,0003	1,47
from,0003	2,47
11033,0003	1,47
below,0003	1,47
form,0003	1,47
Lorem,0003	1,47
Malorum,0003	1,47
Lorem,0010	1,47
11033,0010	1,47
accompanied,0010	1,47
in,0010	1,47
Bonorum,0010	1,47
exact,0010	1,47
also,0010	1,47
from,0010	2,47
de,0010	1,47
English,0010	1,47
Ipsum,0010	1,47
11032,0010	1,47
below,0010	1,47
et,0010	1,47
1914,0010	1,47
interested,0010	1,47
and,0010	1,47
chunk,0010	1,47
form,0010	1,47
H,0010	1,47
by,0010	3,47
1500s,0010	1,47
Rackham,0010	1,47
Sections,0010	1,47
Cicero,0010	1,47
The,0010	1,47
Finibus,0010	1,47
are,0010	1,47
Malorum,0010	1,47
for,0010	1,47
those,0010	1,47
standard,0010	1,47
original,0010	1,47
versions,0010	1,47
of,0010	1,47
since,0010	1,47
used,0010	1,47
their,0010	1,47
the,0010	2,47
translation,0010	1,47
is,0010	1,47
reproduced,0010	2,47
dummy,0008	2,91
Lorem,0008	4,91
five,0008	1,91
has,0008	2,91
Letraset,0008	1,91
in,0008	1,91
desktop,0008	1,91
industrys,0008	1,91
a,0008	2,91
Ipsum,0008	4,91
been,0008	1,91
PageMaker,0008	1,91
electronic,0008	1,91
essentially,0008	1,91
It,0008	2,91
centuries,0008	1,91
1960s,0008	1,91
galley,0008	1,91
also,0008	1,91
but,0008	1,91
and,0008	3,91
ever,0008	1,91
Aldus,0008	1,91
book,0008	1,91
an,0008	1,91
industry,0008	1,91
1500s,0008	1,91
into,0008	1,91
containing,0008	1,91
including,0008	1,91
unknown,0008	1,91
unchanged,0008	1,91
scrambled,0008	1,91
leap,0008	1,91
passages,0008	1,91
of,0008	4,91
to,0008	1,91
only,0008	1,91
with,0008	2,91
since,0008	1,91
typesetting,0008	2,91
not,0008	1,91
survived,0008	1,91
type,0008	2,91
was,0008	1,91
software,0008	1,91
sheets,0008	1,91
took,0008	1,91
standard,0008	1,91
printing,0008	1,91
printer,0008	1,91
simply,0008	1,91
publishing,0008	1,91
text,0008	2,91
more,0008	1,91
recently,0008	1,91
it,0008	1,91
specimen,0008	1,91
the,0008	6,91
popularised,0008	1,91
versions,0008	1,91
is,0008	1,91
release,0008	1,91
remaining,0008	1,91
like,0008	1,91
make,0008	1,91
when,0008	1,91
ipsum,0009	1,129
years,0009	1,129
written,0009	1,129
words,0009	1,129
word,0009	1,129
very,0009	1,129
up,0009	1,129
undoubtable,0009	1,129
treatise,0009	1,129
to,0009	1,129
through,0009	1,129
theory,0009	1,129
the,0009	6,129
text,0009	1,129
source,0009	1,129
sit,0009	1,129
simply,0009	1,129
sections,0009	1,129
section,0009	1,129
roots,0009	1,129
random,0009	1,129
professor,0009	1,129
popular,0009	2,129
piece,0009	1,129
passage,0009	1,129
over,0009	1,129
one,0009	1,129
on,0009	1,129
old,0009	1,129
of,0009	7,129
obscure,0009	1,129
not,0009	1,129
more,0009	1,129
making,0009	1,129
looked,0009	1,129
literature,0009	2,129
line,0009	2,129
it,0009	1,129
is,0009	2,129
dolor,0009	1,129
has,0009	1,129
de,0009	1,129
by,0009	1,129
amet,0009	1,129
Contrary,0009	1,129
book,0009	1,129
BC,0009	2,129
at,0009	1,129
cites,0009	1,129
belief,0009	1,129
in,0009	5,129
Bonorum,0009	1,129
a,0009	5,129
comes,0009	2,129
Cicero,0009	1,129
Virginia,0009	1,129
discovered,0009	1,129
This,0009	1,129
classical,0009	2,129
The,0009	2,129
45,0009	2,129
Richard,0009	1,129
11032,0009	2,129
Renaissance,0009	1,129
2000,0009	1,129
consectetur,0009	1,129
McClintock,0009	1,129
11033,0009	1,129
Malorum,0009	1,129
during,0009	1,129
Lorem,0009	5,129
going,0009	1,129
Latin,0009	3,129
first,0009	1,129
It,0009	1,129
College,0009	1,129
Ipsum,0009	4,129
et,0009	1,129
and,0009	3,129
ethics,0009	1,129
HampdenSydney,0009	1,129
Good,0009	1,129
Finibus,0009	1,129
Extremes,0009	1,129
Evil,0009	1,129
from,0009	4,129
that,0011	2,104
years,0011	1,104
like,0011	2,104
the,0011	3,104
their,0011	2,104
making,0011	1,104
letters,0011	1,104
will,0011	2,104
to,0011	1,104
search,0011	1,104
layout,0011	1,104
over,0011	1,104
uncover,0011	1,104
use,0011	1,104
its,0011	1,104
sites,0011	1,104
it,0011	2,104
ipsum,0011	1,104
using,0011	2,104
point,0011	1,104
versions,0011	1,104
opposed,0011	1,104
web,0011	2,104
publishing,0011	1,104
is,0011	2,104
sometimes,0011	2,104
when,0011	1,104
normal,0011	1,104
now,0011	1,104
of,0011	3,104
lorem,0011	1,104
still,0011	1,104
purpose,0011	1,104
on,0011	1,104
looking,0011	1,104
readable,0011	2,104
reader,0011	1,104
model,0011	1,104
many,0011	1,104
look,0011	1,104
packages,0011	1,104
text,0011	1,104
long,0011	1,104
page,0011	2,104
moreorless,0011	1,104
distribution,0011	1,104
here,0011	2,104
The,0011	1,104
as,0011	2,104
humour,0011	1,104
editors,0011	1,104
desktop,0011	1,104
accident,0011	1,104
at,0011	1,104
injected,0011	1,104
Various,0011	1,104
have,0011	1,104
a,0011	5,104
in,0011	1,104
infancy,0011	1,104
distracted,0011	1,104
Many,0011	1,104
It,0011	1,104
English,0011	1,104
default,0011	1,104
be,0011	1,104
content,0011	2,104
established,0011	1,104
fact,0011	1,104
and,0011	3,104
Ipsum,0011	2,104
for,0011	1,104
evolved,0011	1,104
Lorem,0011	2,104
by,0011	2,104
has,0011	1,104
Content,0011	1,104
be,0012	1,121
available,0012	1,121
combined,0012	1,121
free,0012	1,121
going,0012	1,121
All,0012	1,121
as,0012	1,121
are,0012	2,121
anything,0012	1,121
always,0012	1,121
alteration,0012	1,121
generators,0012	1,121
first,0012	1,121
generator,0012	1,121
a,0012	3,121
dictionary,0012	1,121
generated,0012	1,121
There,0012	1,121
The,0012	1,121
generate,0012	1,121
dont,0012	1,121
Lorem,0012	5,121
from,0012	1,121
embarrassing,0012	1,121
injected,0012	2,121
Latin,0012	1,121
It,0012	1,121
Ipsum,0012	5,121
Internet,0012	2,121
etc,0012	1,121
If,0012	1,121
even,0012	1,121
form,0012	1,121
humour,0012	2,121
hidden,0012	1,121
have,0012	1,121
handful,0012	1,121
by,0012	1,121
but,0012	1,121
in,0012	2,121
chunks,0012	1,121
believable,0012	1,121
200,0012	1,121
necessary,0012	1,121
on,0012	2,121
which,0012	2,121
or,0012	2,121
over,0012	1,121
model,0012	1,121
middle,0012	1,121
passage,0012	1,121
passages,0012	1,121
predefined,0012	1,121
randomised,0012	1,121
many,0012	1,121
reasonable,0012	1,121
repeat,0012	1,121
repetition,0012	1,121
making,0012	1,121
sentence,0012	1,121
majority,0012	1,121
slightly,0012	1,121
some,0012	1,121
looks,0012	1,121
structures,0012	1,121
suffered,0012	1,121
with,0012	1,121
sure,0012	1,121
look,0012	1,121
tend,0012	1,121
text,0012	1,121
words,0012	3,121
the,0012	6,121
there,0012	1,121
therefore,0012	1,121
this,0012	1,121
to,0012	4,121
true,0012	1,121
use,0012	1,121
uses,0012	1,121
variations,0012	1,121
isnt,0012	1,121
is,0012	1,121
you,0012	2,121
noncharacteristic,0012	1,121
need,0012	1,121
of,0012	6,121
